ID
34854
35072
35840
37848
38642
38998
40623
40628
40640
40944
43299
43677
43704
43722
43998
45590
50940
51539
51927
52125
53455
53473
53851
54441
54504
54857
54914
55447
55763
56097
56556
56627
56949
57005
57035
57235
57372
57808
57965
58214
58552
58952
59344
59346
60006
60169
60259
60279
60372
60430
60471
60480
60516
60632
60662
60773
60848
61204
61276
61711
61806
62210
62248
62266
62282
62288
62351
62917
62942
63008
63103
63326
64081
65480
65790
65974
65991
66091
66232
66236
66735
66781
66812
66926
72203
73600
